k_ax: 0.00005
k_ay: 0.00001
k_az: 0.0005
k_vroll: 0.5
k_vpitch: 0.25
k_vyaw: 0.5
hp_ax: 0.0086
hp_ay: 0.0086
hp_az: 0.0086
hp_vroll: 0.0255
hp_vpitch: 0.0255
hp_vyaw: 0.0094
lp_ax: 0.0085
lp_ay: 0.0085
lp_az: 0.0085
